2 0.39375 0.8984375 0.315625 0.1859375
2 0.4046875 0.525 0.096875 0.05625
2 0.653125 0.528125 0.071875 0.0390625
2 0.88125 0.528125 0.0484375 0.03125
2 0.0828125 0.3734375 0.071875 0.0453125
2 0.2921875 0.3171875 0.046875 0.03125
2 0.4859375 0.334375 0.0625 0.0390625
2 0.6859375 0.35 0.046875 0.0375
2 0.88125 0.34375 0.0609375 0.040625
2 0.8 0.23125 0.05 0.046875
2 0.6328125 0.2265625 0.040625 0.0296875
2 0.478125 0.2265625 0.0453125 0.0234375
2 0.328125 0.2359375 0.0625 0.0421875
2 0.165625 0.21875 0.071875 0.046875
2 0.5015625 0.065625 0.0359375 0.0375