1 0.463768115942029 0.3078125 0.07039337474120083 0.0515625
1 0.44306418219461696 0.546875 0.045548654244306416 0.0390625
1 0.39544513457556935 0.5078125 0.043478260869565216 0.0390625
1 0.6190476190476191 0.5125 0.06418219461697723 0.0359375
1 0.6438923395445134 0.63125 0.07453416149068323 0.046875
1 0.3747412008281574 0.6484375 0.045548654244306416 0.046875
1 0.37060041407867494 0.7625 0.07453416149068323 0.0484375
1 0.6645962732919255 0.7078125 0.049689440993788817 0.028125
1 0.6066252587991718 0.746875 0.06418219461697723 0.05
1 0.5362318840579711 0.5640625 0.047619047619047616 0.03125
1 0.6749482401656315 0.809375 0.07039337474120083 0.0359375